0.033311111
0.033311111
0.033288889
0.033288889
0.033277778
0.033277778
0.033266667
0.033255556
0.033255556
0.033255556
0.033233333
0.033222222
0.033211111
0.033188889
0.033155556
0.033133333
0.033122222
0.033122222
0.033088889
0.033055556
0.033055556
0.033033333
0.033022222
0.032977778
0.032966667
0.032955556
0.032922222
0.032922222
0.032888889
0.032855556
0.032855556
0.032844444
0.032833333
0.032811111
0.032766667
0.032755556
0.032744444
0.032744444
0.032733333
0.032733333
0.032711111
0.0327
0.0327
0.0327
0.032688889
0.032688889
0.032666667
0.032655556
0.032655556
0.032655556
0.032633333
0.032622222
0.032622222
0.032844444
0.033055556
0.033166667
0.033311111
0.033366667
0.033377778
0.033622222
0.033777778
0.033933333
0.034066667
0.034144444
0.0342
0.034333333
0.034422222
0.0346
0.034844444
0.034977778
0.035122222
0.035166667
0.035388889
0.035488889
0.035688889
0.0358
0.035966667
0.0361
0.036233333
0.036311111
0.0364
0.036466667
0.036544444
0.036722222
0.036822222
0.036955556
0.037033333
0.0371
0.037255556
0.037344444
0.037466667
0.037688889
0.037844444
0.038033333
0.038211111
0.038377778
0.038444444
0.038655556
0.038777778
0.038966667
0.039077778
0.039322222
0.039544444
0.039711111
0.039866667
0.040122222
0.040166667
0.0403
0.040355556
0.040477778
0.0405
0.0406
0.040711111
0.040844444
0.040966667
0.041
0.041022222
0.041144444
0.041277778
0.041433333
0.041544444
0.041611111
0.041633333
0.041777778
0.041822222
0.041966667
0.042055556
0.042144444
0.042155556
0.042233333
0.042277778
0.042322222
0.0424
0.042488889
0.042544444
0.042622222
0.042644444
0.042788889
0.042855556
0.0429
0.043022222
0.043144444
0.043255556
0.043333333
0.043477778
0.0436
0.043744444
0.043866667
0.043966667
0.037366667
0.034133333
0.0326
0.031833333
0.0316
0.031555556
0.031588889
